256
256
16
16
74
0 1 1 1 1 1 1 0 0 0 0 0 0 0 0 0 
0 1 1 1 1 1 1 0 0 0 0 0 0 0 0 0 
1 1 1 1 1 1 1 0 0 0 0 0 0 0 0 0 
1 1 1 1 1 1 1 0 0 0 0 0 0 0 0 0 
0 1 1 1 1 1 1 1 1 1 1 1 1 0 0 0 
0 0 1 1 1 1 1 1 1 1 1 1 1 0 0 0 
0 0 1 1 1 1 1 1 1 1 1 0 0 0 0 0 
0 1 1 1 1 1 1 1 1 1 0 0 0 0 0 0 
1 1 1 0 0 0 0 0 0 0 0 0 0 0 0 0 
1 1 1 1 0 0 0 0 0 0 0 0 0 0 0 0 
0 0 0 0 0 0 0 0 0 0 0 0 0 0 0 0 
0 0 0 0 0 0 0 0 0 0 0 0 0 0 0 0 
0 0 0 0 0 0 0 0 0 0 0 0 0 0 0 0 
0 0 0 0 0 0 0 0 0 0 0 0 0 0 0 0 
0 0 0 0 0 0 0 0 0 0 0 0 0 0 0 0 
0 0 0 0 0 0 0 0 0 0 0 0 0 0 0 0 
