256
256
16
16
26
0 0 0 1 0 0 0 0 0 1 0 0 0 0 0 0 
0 0 0 1 0 0 0 0 0 1 0 0 0 0 0 0 
0 0 0 1 0 0 0 0 0 1 0 0 0 0 0 0 
0 0 0 1 0 0 0 0 0 1 0 0 0 0 0 0 
0 0 0 1 0 0 0 0 0 1 0 0 0 0 0 0 
0 0 0 1 0 0 0 0 0 1 0 0 0 0 0 0 
0 0 0 1 0 0 0 0 0 1 0 0 0 0 0 0 
0 0 0 1 0 0 0 0 0 1 0 0 0 0 0 0 
0 0 0 1 0 0 0 0 0 1 0 0 0 0 0 0 
0 0 0 1 0 0 0 0 0 1 0 0 0 0 0 0 
0 0 0 0 0 0 0 0 0 1 0 0 0 0 0 0 
0 0 0 0 0 0 0 0 0 1 0 0 0 0 0 0 
0 0 0 0 0 0 0 0 0 1 0 0 0 0 0 0 
0 0 0 0 0 0 0 0 0 1 0 0 0 0 0 0 
0 0 0 0 0 0 0 0 0 1 0 0 0 0 0 0 
0 0 0 0 0 0 0 0 0 1 0 0 0 0 0 0 
